210745637
246097096
344593955
673588444
400748086
218891087
1045238093
1628762436
666263548
1185258785
792184631
892027351
874363385
1301554223
312037497
144178425
134726160
854559852
816912116
740643466
647962053
1845185151
5263517046
5337903342
360407955
2101047707
760445358
2114101815
5395810355
930161536
168745644
456063988
56423577
5394352997
784979555
5103394795
233955084
148120545
335419256
5327306286
524330855
5355922505
815110433
759826938
393102475
264445496
5418485100
1371559489
427835761
414315477
141354864
919832104
713885210
470355225
260994481
246769424
126407798
614535
199575805
118395630
942066413
2070425654
476830233
315805680
563501923
1033889128
2061847379
515851270
469983803
